BENCHMARK FOR THE TWO-MACHINE FLOWSHOP PROBLEM WITH COMMON DUE DATE
(Results according to the methods proposed in Sakuraba, Ronconi and Sourd,2009)

n = 20, h = 0.2
Inst# Optimal  Sarper    SH16    SH26    SH36
1        7090    7732    7209    7435    7175
2        7306    7717    7547    7645    7448
3        6360    7014    6599    6773    6525
4        7938    8597    8202    8100    8073
5        6987    7240    7038    7134    7027
6        5793    6014    5801    5961    5793
7        5843    6314    5948    6009    5883
8        6874    7217    6887    7225    6882
9        6672    7402    6810    6864    6697
10       6154    6967    6405    6313    6285

n = 20, h = 0.4
Inst# Optimal  Sarper    SH16    SH26    SH36
1        5152    6259    5320    5371    5284
2        5475    6381    5721    5760    5560
3        4596    5443    4731    5121    4674
4        6099    7129    6306    6228    6233
5        5046    5922    5133    5250    5117
6        4329    4978    4369    4566    4347
7        4618    5156    4741    4717    4714
8        5168    5960    5256    5369    5238
9        4970    6118    5151    5024    5077
10       4510    5569    4735    4906    4623

n = 20, h = 0.6
Inst# Optimal  Sarper    SH16    SH26    SH36
1        3795    4329    3870    3874    3821
2        4278    5086    4525    4621    4423
3        3497    4024    3788    3786    3746
4        4904    5212    5170    5147    4967
5        3708    4480    3834    3802    3825
6        3289    4013    3328    3334    3315
7        3797    4588    4056    3989    3897
8        4077    4948    4197    4277    4190
9        3835    4818    3979    3894    3912
10       3487    4070    3659    3667    3565

n = 20, h = 0.8
Inst# Optimal  Sarper    SH16    SH26    SH36
1        3194    3563    3316    3333    3215
2        3569    4019    3847    3832    3743
3        2894    3375    2988    2985    2953
4        4333    4477    4505    4462    4387
5        2796    3464    2866    2861    2832
6        2615    3162    2681    2744    2656
7        3410    4067    3560    3550    3416
8        3423    3903    3452    3564    3444
9        3045    3976    3301    3099    3099
10       2886    3296    3034    3051    2929

n = 50, h = 0.2
Inst# Optimal  Sarper    SH16    SH26    SH36
1       36978   44042   37657   37891   37384
2       39774   45453   40364   41757   40037
3       37781   44334   38506   39014   38331
4       41039   48213   41464   42218   41314
5       39987   46576   40795   41768   40377
6       40249   45858   40716   40479   40415
7       37918   44107   38386   38974   38161
8       36567   42170   37181   37922   37022
9       38845   44594   39285   39526   39150
10      40364   46052   40826   41048   40663

n = 50, h = 0.4
Inst# Optimal  Sarper    SH16    SH26    SH36
1       28494   35592   28933   29490   28801
2       30185   35150   31609   31996   30721
3       29584   36350   29836   30176   29748
4       31559   39333   32387   32728   31910
5       29235   35747   30304   30474   29629
6       31485   36978   33251   31782   31854
7       27969   32868   29017   29161   28868
8       27310   35387   29338   28629   28459
9       29226   34725   30220   30046   29619
10      31713   38025   32207   32508   32083

n = 50, h = 0.6
Inst# Optimal  Sarper    SH16    SH26    SH36
1       23172   28271   23964   23618   23534
2       24287   30187   26814   25086   25440
3       24296   29789   24815   24575   24553
4       26000   30983   26999   26837   26385
5       22768   27442   25097   23514   23868
6       26431   29908   27942   26816   26801
7       21628   25681   23957   22498   22910
8       22110   27291   24752   22675   23095
9       23639   26820   24896   23998   24020
10      26644   31953   27388   27286   27025

n = 50, h = 0.8
Inst# Optimal  Sarper    SH16    SH26    SH36
1       19959   24204   20761   20318   20166
2       22037   24945   23421   22475   22370
3       21913   24915   22725   22149   22226
4       23375   26466   23770   23939   23514
5       20274   25672   21029   20736   20778
6       24272   25227   24703   24706   24494
7       18987   21354   19813   19376   19236
8       20401   22780   21348   20973   20732
9       21578   23080   21998   22075   21788
10      24434   26578   25178   24664   24590

n = 100, h = 0.2
Inst#  Sarper      SH16      SH26      SH36
1      187954    159063    164109    158683
2      181762    154566    156007    154269
3      169089    149758    150618    149552
4      177418    144777    147191    144587
5      181095    152444    154219    151851
6      174440    145964    146728    145083
7      170868    140498    143670    140129
8      171218    142714    143816    142246
9      187399    156127    159881    155691
10     182651    152727    155529    152083

n = 100, h = 0.4
Inst#  Sarper      SH16      SH26      SH36
1      151452    123700    126550    122368
2      147853    121146    121736    120063
3      136964    118049    118548    116887
4      139349    113716    115785    111835
5      143246    120870    118636    118678
6      140012    115165    114540    113363
7      130600    107839    108995    107513
8      130895    112059    112057    110988
9      151998    126860    122863    122523
10     142300    119403    119403    118246

n = 100, h = 0.6
Inst#  Sarper      SH16      SH26      SH36
1      121806    102968    100009    100395
2      117937    103298    100548     99895
3      113636    100038     99267     97263
4      110090     93832     92862     91709
5      113872    102997     97522     97657
6      113055     96756     95007     95762
7      103260     87993     86078     86341
8      106269     95812     92238     91408
9      121960    107195    102151    101363
10     113689    105186     95635     97234

n = 100, h = 0.8
Inst#  Sarper      SH16      SH26      SH36
1      105149     87889     85983     86275
2       99754     94768     91952     92393
3       96256     89893     89706     88911
4       94438     83451     82587     82572
5       97362     90759     87111     88241
6       96660     88456     84875     85776
7       90413     77369     76963     76933
8       89864     85150     82902     83524
9      103009     94146     90508     90546
10      95951     88915     87361     88040

n = 200, h = 0.2
Inst#  Sarper      SH16      SH26      SH36
1      754920    625072    637657    622744
2      737827    608008    608833    606339
3      751118    621986    638138    619798
4      693129    587947    589235    586184
5      715316    604254    606182    602213
6      720328    582637    584127    580940
7      717096    593810    598325    593026
8      696870    588633    608511    587494
9      676137    559596    560363    556622
10     712068    581334    601514    580117

n = 200, h = 0.4
Inst#  Sarper      SH16      SH26      SH36
1      585033    502042    493500    488318
2      581071    481689    472923    470438
3      592704    497117    491689    486352
4      557178    468022    464179    459216
5      564200    481937    472407    470973
6      583144    461562    452812    449960
7      571164    471458    465516    463423
8      553771    458296    468795    456272
9      538723    439169    434867    429559
10     566695    459403    456990    453466

n = 200, h = 0.6
Inst#  Sarper      SH16      SH26      SH36
1      469280    423387    401443    407997
2      470443    420057    389325    393141
3      475751    413812    394469    396040
4      450446    404393    385906    386738
5      468450    414057    391333    397536
6      467657    405323    375439    381657
7      463823    407312    384680    390916
8      441730    388809    364235    369235
9      429926    382787    360551    364669
10     458806    387448    363413    366347

n = 200, h = 0.8
Inst#  Sarper      SH16      SH26      SH36
1      402147    371907    362173    361921
2      401068    368266    355820    359363
3      413752    365348    357903    355817
4      383648    359053    353195    354132
5      400050    366309    357694    359674
6      391515    353856    347887    346932
7      394577    364402    349876    353529
8      385970    329802    320628    321034
9      366148    340027    336901    336315
10     393647    330342    319755    321928

n = 500, h = 0.2
Inst#  Sarper      SH16      SH26      SH36
1     4370533   3587983   3604309   3581966
2     4634604   3769409   3787012   3764352
3     4529984   3739337   3758127   3733793
4     4352353   3583572   3640612   3577021
5     4507586   3699635   3726234   3692995
6     4417448   3588673   3614186   3584200
7     4488791   3706198   3726464   3701591
8     4541375   3733318   3752143   3728267
9     4495868   3717305   3718362   3706642
10    4296671   3537699   3591929   3527705

n = 500, h = 0.4
Inst#  Sarper      SH16      SH26      SH36
1     3523892   2849470   2809831   2789321
2     3670808   2998307   2920549   2910863
3     3623562   2973567   2941250   2916047
4     3379116   2821091   2795893   2773940
5     3538360   2934993   2889180   2870594
6     3440229   2846366   2811115   2811261
7     3503325   2952439   2887639   2870193
8     3576727   2943147   2904261   2890001
9     3603239   2989211   2920370   2911867
10    3470957   2787999   2796996   2760812

n = 500, h = 0.6
Inst#  Sarper      SH16      SH26      SH36
1     2855150   2467261   2335530   2372807
2     2944040   2591923   2421264   2458457
3     2936096   2601210   2455736   2466269
4     2699755   2408816   2279029   2298131
5     2846102   2555631   2385444   2428804
6     2792330   2440623   2306184   2349289
7     2835440   2542129   2396670   2420740
8     2908508   2596930   2398440   2457184
9     2894880   2580119   2433781   2461031
10    2806275   2426472   2278456   2304139

n = 500, h = 0.8
Inst#  Sarper      SH16      SH26      SH36
1     2426872   2214591   2144803   2159011
2     2519808   2296116   2247256   2249951
3     2510136   2316506   2261144   2267094
4     2315554   2115467   2066388   2070468
5     2411746   2252148   2192770   2192213
6     2348265   2160197   2103391   2108848
7     2431479   2276100   2227938   2234664
8     2483406   2270825   2217935   2224155
9     2459790   2285002   2226388   2229179
10    2354491   2111699   2053541   2062099

