Jobs_20

Problem_1
Mach_1 54 83 15 71 77 36 53 38 27 87 76 91 14 29 12 77 32 87 68 94 
Mach_2 79 3 11 99 56 70 99 60 5 56 3 61 73 75 47 14 21 86 5 77 
Due_Dates 174 348 522 696

Problem_2
Mach_1 26 38 27 88 95 55 54 63 23 45 86 43 43 40 37 54 35 59 43 50 
Mach_2 59 62 44 10 23 64 47 68 54 9 30 31 92 7 14 95 76 82 91 37 
Due_Dates 142 284 426 568

Problem_3
Mach_1 77 94 9 57 29 79 55 73 65 86 25 39 76 24 38 5 91 29 22 27 
Mach_2 39 31 46 18 93 58 85 58 97 10 79 93 2 87 17 18 10 50 8 26 
Due_Dates 157 315 472 630

Problem_4
Mach_1 53 19 99 62 88 93 34 72 42 65 39 79 9 26 72 29 36 48 57 95 
Mach_2 93 79 88 77 94 39 74 46 17 30 62 77 43 98 48 14 45 25 98 30 
Due_Dates 155 310 464 620

Problem_5
Mach_1 61 86 16 42 14 92 67 77 46 41 78 3 72 95 53 59 34 66 42 63 
Mach_2 27 92 8 65 34 6 42 39 2 7 85 32 14 74 59 95 48 37 59 4 
Due_Dates 162 324 485 648

Problem_6
Mach_1 71 27 55 90 11 18 42 64 73 95 22 53 32 5 94 12 41 85 75 38 
Mach_2 13 11 73 43 27 33 57 42 71 3 11 49 8 3 47 58 23 79 99 23 
Due_Dates 142 285 428 571

Problem_7
Mach_1 15 64 64 48 9 91 27 34 42 3 11 54 27 30 9 15 88 55 50 57 
Mach_2 28 4 43 93 1 81 77 69 52 28 28 77 42 53 46 49 15 43 65 41 
Due_Dates 106 213 320 427

Problem_8
Mach_1 34 20 57 47 62 40 74 94 9 62 86 13 78 46 83 52 13 70 40 60 
Mach_2 5 48 80 43 34 2 87 68 28 84 30 35 42 39 85 34 36 9 96 84 
Due_Dates 143 286 429 572

Problem_9
Mach_1 37 36 1 4 64 74 32 67 73 7 78 64 98 60 89 49 2 79 79 53 
Mach_2 59 16 90 3 76 74 22 30 89 61 39 15 69 57 9 13 71 2 34 49 
Due_Dates 142 285 428 571

Problem_10
Mach_1 27 92 75 94 18 41 37 58 56 20 2 39 91 81 33 14 88 22 36 65 
Mach_2 79 23 66 5 15 51 2 81 12 40 59 32 16 87 78 41 43 94 1 93 
Due_Dates 149 298 448 597

Jobs_50

Problem_1
Mach_1 75 87 13 11 41 43 93 69 80 13 24 72 38 81 83 88 26 6 89 67 70 30 89 30 68 21 78 46 99 10 17 23 83 47 86 18 67 46 4 14 4 20 88 50 84 58 93 76 50 30 
Mach_2 26 37 25 95 49 12 59 17 46 20 52 44 92 75 95 33 10 45 2 62 62 82 29 29 94 20 42 80 94 35 8 41 65 4 71 30 14 32 50 30 27 98 39 84 65 12 58 45 49 15 
Due_Dates 332 665 998 1331

Problem_2
Mach_1 27 69 78 90 23 6 23 28 98 57 96 85 60 34 42 73 31 11 60 57 88 38 43 30 77 85 58 58 45 72 86 83 3 14 91 27 17 13 21 82 91 11 88 99 8 6 71 53 2 2 
Mach_2 91 9 33 97 27 17 97 96 1 30 5 78 58 20 42 97 96 75 89 66 9 59 84 93 83 58 92 82 12 89 81 20 4 93 12 75 35 58 70 9 79 29 45 27 71 89 21 78 4 17 
Due_Dates 344 688 1031 1376

Problem_3
Mach_1 38 23 13 1 10 76 49 2 81 43 51 71 29 44 26 27 27 56 21 76 88 9 33 6 40 64 5 5 7 5 76 63 35 94 65 25 6 87 60 33 67 81 93 98 9 94 49 27 62 90 
Mach_2 5 13 36 54 76 40 67 31 35 48 85 41 82 95 15 24 77 6 79 36 18 21 34 42 74 46 1 88 29 95 67 41 98 31 25 70 62 45 59 68 22 81 44 80 88 25 93 61 1 97 
Due_Dates 295 591 887 1183

Problem_4
Mach_1 37 5 8 37 71 65 13 35 52 63 58 13 69 35 9 90 57 90 55 36 84 31 50 44 38 12 57 70 92 1 72 94 96 78 30 46 60 95 82 94 62 7 51 44 31 40 29 78 57 42 
Mach_2 77 64 66 33 47 67 61 99 54 66 57 65 24 30 95 40 85 46 46 55 39 22 41 41 40 19 56 16 48 38 25 2 99 67 94 50 26 54 67 57 18 8 81 49 96 18 50 46 22 48 
Due_Dates 326 653 980 1307

Problem_5
Mach_1 17 43 13 20 41 94 18 28 8 71 82 42 90 76 62 95 74 80 33 91 35 80 79 68 97 98 3 22 52 80 32 75 78 36 46 16 36 93 39 19 95 91 49 35 93 11 93 6 96 19 
Mach_2 33 98 67 81 43 72 32 66 97 36 36 67 1 47 87 12 91 21 6 6 1 38 69 77 3 75 64 53 18 10 97 18 48 70 60 75 94 14 53 90 19 42 86 15 58 7 65 40 51 61 
Due_Dates 418 837 1256 1675

Problem_6
Mach_1 12 72 29 16 22 61 69 71 86 16 54 53 64 96 79 68 98 87 40 74 22 23 47 55 21 90 68 14 42 41 40 63 23 75 4 31 87 25 47 70 1 49 59 11 93 38 5 43 82 33 
Mach_2 26 89 86 10 16 72 96 47 9 56 8 69 87 84 62 52 82 66 67 33 3 53 95 42 59 77 38 12 1 66 24 17 58 71 88 63 60 86 8 8 44 99 80 76 94 75 63 57 76 34 
Due_Dates 317 635 952 1270

Problem_7
Mach_1 82 73 84 63 14 73 84 9 38 67 76 18 70 69 4 58 66 11 1 51 38 16 81 39 56 83 27 29 93 70 64 22 84 25 73 81 10 46 32 38 68 40 33 79 64 36 62 82 44 99 
Mach_2 6 49 84 72 39 51 77 59 97 5 83 51 9 9 59 30 86 49 46 13 45 51 68 82 6 99 12 8 36 24 82 73 66 69 71 70 61 42 77 10 2 6 24 97 15 91 32 68 17 1 
Due_Dates 379 759 1138 1518

Problem_8
Mach_1 9 19 86 38 71 82 12 20 37 22 97 85 93 33 69 70 29 48 28 76 91 54 71 36 13 44 27 23 95 15 25 88 46 5 38 74 21 36 21 4 96 78 7 72 80 38 17 98 88 78 
Mach_2 80 54 73 83 15 5 27 20 75 24 73 88 17 24 53 86 10 30 71 5 11 97 10 84 58 47 69 80 49 74 37 94 51 1 9 16 89 2 80 38 94 93 89 95 95 63 17 98 2 19 
Due_Dates 346 692 1039 1385

Problem_9
Mach_1 34 40 22 6 50 64 48 74 67 22 26 13 24 54 22 9 28 48 83 85 79 78 40 15 95 75 73 41 52 71 84 73 25 41 74 15 58 55 47 12 36 48 96 47 64 5 24 78 59 4 
Mach_2 24 85 19 94 59 65 42 8 10 15 96 63 30 20 31 94 35 84 83 53 57 25 71 22 31 35 40 76 14 48 42 11 92 68 55 88 52 36 62 42 51 68 10 38 29 56 23 71 45 98 
Due_Dates 336 672 1009 1345

Problem_10
Mach_1 24 1 57 86 35 9 55 8 93 11 39 10 84 80 59 37 80 69 13 19 25 92 45 14 73 85 75 96 33 17 76 96 4 16 9 66 46 64 3 93 74 29 68 38 86 90 50 11 64 4 
Mach_2 51 57 82 47 82 14 79 57 88 79 22 72 58 78 18 48 72 38 71 82 61 73 50 56 95 16 6 7 86 21 27 44 64 32 46 37 39 96 44 70 41 56 44 27 41 66 87 42 7 54 
Due_Dates 304 608 913 1217

Jobs_100

Problem_1
Mach_1 73 84 57 52 66 67 33 62 65 7 6 31 42 82 48 45 79 86 10 47 67 86 64 38 13 69 4 21 25 74 11 85 50 21 93 98 91 26 4 28 61 8 55 68 30 26 81 95 49 6 82 71 61 84 29 44 83 12 54 19 52 59 74 42 60 43 80 34 74 46 40 27 79 1 98 44 8 55 55 27 69 79 97 39 54 75 88 87 97 4 79 59 7 89 61 42 79 85 66 99 
Mach_2 34 46 97 88 52 49 88 15 55 6 77 49 46 14 35 40 1 70 46 28 73 24 44 55 94 52 40 76 92 22 46 19 18 50 31 41 51 73 22 21 79 93 98 89 44 64 93 66 14 10 36 36 69 79 90 51 81 16 28 26 97 33 77 68 28 46 16 96 59 56 4 52 89 84 42 37 90 51 84 16 39 16 37 19 15 68 7 58 47 27 82 72 1 7 22 40 59 16 7 72 
Due_Dates 691 1382 2072 2764

Problem_2
Mach_1 73 69 8 59 70 47 2 37 60 75 7 41 87 21 55 32 45 56 92 2 69 39 52 2 4 79 55 20 46 88 47 63 55 90 29 79 33 40 21 4 31 99 74 93 17 5 76 49 65 80 42 45 35 13 57 46 54 7 58 3 51 86 21 47 91 48 21 36 23 50 86 84 88 84 31 63 16 55 12 14 74 59 21 91 24 69 49 4 81 35 82 12 71 6 59 95 13 40 12 43 
Mach_2 5 87 54 84 8 37 40 27 81 64 80 23 66 64 19 38 96 56 16 61 48 42 28 52 78 57 28 83 36 36 28 92 6 1 89 31 36 88 74 50 85 34 37 91 11 32 83 40 86 33 58 75 85 42 71 76 59 29 57 98 47 38 98 87 25 1 60 71 18 80 41 59 89 29 54 38 80 12 56 25 85 76 33 35 61 4 70 54 69 22 47 25 42 80 43 32 85 11 72 17 
Due_Dates 622 1245 1867 2490

Problem_3
Mach_1 37 45 97 90 54 69 12 29 47 21 60 45 5 6 41 38 35 69 74 83 31 39 17 29 17 50 58 8 56 27 88 7 89 98 69 73 22 82 85 48 18 6 3 19 12 57 34 83 71 94 30 54 39 32 11 64 39 45 39 41 8 34 53 84 56 48 63 29 79 22 67 89 81 25 32 70 15 45 38 58 35 50 56 41 81 40 94 51 33 13 70 26 34 11 29 87 1 43 12 52 
Mach_2 54 85 52 79 78 16 92 82 28 2 48 34 48 20 81 44 12 40 15 86 61 59 21 71 22 35 81 41 53 18 12 24 16 52 93 44 86 9 83 37 42 46 13 28 95 23 67 59 75 90 66 88 68 50 30 70 18 53 1 34 82 41 84 64 66 97 71 17 37 29 24 97 6 83 40 36 67 53 68 20 36 30 95 92 57 75 92 94 28 65 9 23 30 63 86 30 61 28 92 10 
Due_Dates 585 1171 1757 2343

Problem_4
Mach_1 69 53 81 70 96 25 24 95 30 40 37 5 88 74 95 26 96 3 44 3 8 44 13 92 2 69 48 23 96 92 56 15 47 41 96 35 56 34 80 73 96 81 32 55 22 43 26 20 53 63 33 47 93 68 8 51 18 80 17 88 72 97 36 58 35 56 13 73 5 12 12 17 21 44 34 61 99 54 18 2 13 17 60 90 36 52 88 56 34 97 80 8 84 17 43 30 19 38 76 88 
Mach_2 78 26 41 62 28 54 27 38 64 66 82 78 52 18 1 54 43 48 67 8 36 38 32 74 96 34 56 28 66 93 51 28 63 84 25 85 1 42 12 42 23 85 77 7 43 84 76 85 29 96 3 44 88 17 44 17 35 16 2 16 68 40 76 33 92 70 6 53 57 47 41 50 97 66 33 96 4 12 26 89 29 10 15 59 54 92 39 52 95 4 35 42 19 74 45 7 60 29 48 76 
Due_Dates 623 1247 1871 2495

Problem_5
Mach_1 14 28 71 57 82 68 58 61 84 7 31 12 75 91 47 53 35 89 64 67 1 70 52 31 74 37 83 21 28 46 79 95 27 71 24 99 7 68 35 83 36 89 79 64 51 97 3 9 94 45 17 56 58 49 32 49 26 53 67 31 72 71 93 23 42 79 19 43 26 71 17 37 93 11 21 79 51 26 85 41 76 28 76 40 83 18 74 8 75 66 50 16 14 12 98 71 47 22 71 44 
Mach_2 21 16 40 45 1 97 17 65 51 35 22 27 78 23 46 6 85 29 63 7 5 9 99 31 83 74 31 76 66 73 79 48 69 81 89 75 74 8 62 36 24 86 94 67 85 39 43 92 87 23 1 19 49 32 75 74 19 25 5 75 71 80 72 60 64 36 23 7 52 8 87 5 44 37 66 74 6 44 30 78 99 34 77 51 57 68 27 36 36 70 66 79 74 63 47 40 28 44 30 48 
Due_Dates 646 1292 1938 2584

Problem_6
Mach_1 7 41 6 14 62 1 40 16 76 75 80 73 73 38 66 64 5 47 26 54 48 54 76 1 57 89 39 20 16 40 5 94 53 12 64 83 22 78 20 93 89 41 77 81 57 95 12 83 31 19 66 73 79 21 91 48 17 76 59 79 12 88 91 60 8 95 59 41 56 20 70 16 4 13 40 64 88 92 95 14 16 2 21 97 59 87 70 11 98 75 28 51 27 58 19 64 5 82 12 55 
Mach_2 62 67 30 5 26 57 28 5 41 81 44 93 45 20 50 55 87 90 36 15 14 24 42 53 92 39 55 77 40 66 42 19 54 79 64 66 71 89 72 13 67 72 46 69 82 94 26 50 11 58 11 89 23 29 53 42 37 96 58 41 6 49 34 86 77 92 98 65 1 18 70 27 46 95 70 12 41 4 44 32 70 27 22 57 31 20 86 30 27 47 90 47 41 47 29 12 14 1 42 67 
Due_Dates 622 1244 1867 2489

Problem_7
Mach_1 94 17 1 97 91 9 75 38 34 17 7 62 16 61 31 58 14 29 29 31 52 36 85 68 63 21 15 50 55 73 87 90 41 80 5 18 68 94 51 29 12 69 54 99 1 82 99 87 61 24 54 7 77 78 86 83 65 77 98 33 92 15 59 22 79 44 99 19 32 81 57 53 48 97 3 70 21 51 14 41 91 75 35 54 9 25 27 97 20 20 23 46 76 34 86 30 99 9 91 81 
Mach_2 65 67 55 35 19 18 35 39 89 57 79 5 33 46 47 46 99 39 7 15 56 32 62 50 99 89 30 24 23 44 83 13 83 73 34 89 18 32 90 73 28 18 81 31 2 3 78 99 71 8 88 76 33 66 3 31 8 63 53 89 63 49 60 53 70 9 16 79 93 69 4 95 87 49 79 14 4 20 10 28 4 91 63 66 25 12 36 94 19 49 19 18 18 53 49 29 42 59 48 3 
Due_Dates 730 1460 2191 2921

Problem_8
Mach_1 26 23 92 67 41 58 3 3 37 69 91 20 40 14 31 36 51 87 47 74 49 21 47 39 80 2 7 98 23 17 26 19 94 33 18 94 68 68 18 16 94 24 67 14 39 29 73 64 9 82 36 44 33 65 10 1 26 53 65 22 64 74 76 13 68 93 15 74 32 74 50 25 30 9 41 35 19 89 42 2 59 27 7 53 43 40 53 67 98 33 16 5 53 39 60 52 28 20 84 93 
Mach_2 51 52 40 67 87 4 78 50 87 81 29 25 64 79 73 91 5 32 78 14 12 74 21 79 30 3 73 90 4 1 60 37 86 96 85 54 75 77 88 73 1 1 7 27 86 65 11 36 38 99 17 23 44 32 84 12 60 74 16 90 68 44 99 95 65 63 78 61 67 10 91 81 38 35 65 14 80 42 58 52 95 30 45 6 31 11 5 47 35 56 4 85 40 99 61 9 9 13 15 67 
Due_Dates 576 1152 1729 2305

Problem_9
Mach_1 31 37 48 7 22 18 95 98 21 79 99 81 65 55 46 56 93 88 43 52 68 11 69 27 65 85 55 49 3 53 25 29 33 35 56 89 36 50 30 9 53 29 26 55 62 93 31 13 62 76 41 82 1 1 65 65 23 33 7 14 74 81 60 35 73 83 24 42 61 9 67 55 58 48 38 55 30 76 47 4 3 57 32 62 61 72 67 59 57 80 97 73 75 58 74 32 87 6 47 65 
Mach_2 28 1 98 12 29 18 31 93 13 84 26 27 94 60 91 23 35 52 28 87 8 95 8 47 75 99 85 50 15 75 64 41 49 16 40 64 65 64 26 87 89 55 43 11 83 75 14 52 86 14 10 45 90 46 49 55 27 70 71 69 62 90 30 91 76 55 68 77 77 1 48 34 48 59 5 74 77 4 93 87 74 81 29 6 18 16 84 75 80 38 34 11 13 84 17 53 19 93 71 66 
Due_Dates 635 1270 1906 2541

Problem_10
Mach_1 88 11 99 20 63 67 79 91 13 77 13 52 84 73 61 27 67 5 3 13 89 58 55 1 79 74 14 71 13 60 1 55 75 88 78 80 15 93 98 40 27 65 65 70 63 54 42 82 94 4 34 91 50 50 11 3 38 50 90 97 79 45 20 22 51 83 60 50 3 1 13 63 67 19 21 89 83 60 83 67 71 60 25 26 82 60 54 26 97 30 21 71 12 13 47 95 90 67 61 23 
Mach_2 43 9 81 83 90 44 60 70 85 11 88 44 97 96 28 93 28 95 94 6 52 23 33 2 60 42 59 45 5 76 45 26 44 47 11 81 82 68 6 87 20 32 35 7 61 4 71 70 11 49 54 63 91 79 5 81 99 4 10 19 24 15 66 48 96 4 82 74 21 69 83 64 22 1 7 34 93 70 31 86 74 71 5 45 76 99 41 28 80 54 99 12 57 13 46 97 90 59 65 82 
Due_Dates 700 1400 2101 2801

Jobs_200

Problem_1
Mach_1 17 37 22 71 79 37 69 53 59 64 11 67 27 64 59 31 43 42 56 88 71 86 6 54 92 75 83 2 60 62 83 73 55 3 71 34 40 13 62 56 28 53 71 5 73 95 23 49 17 81 88 62 35 78 90 36 46 98 75 36 74 86 67 87 68 1 87 87 7 34 1 91 7 6 46 3 45 55 92 67 13 30 27 19 51 86 20 95 79 48 83 91 78 41 61 90 57 4 21 68 87 62 69 79 69 35 25 68 14 9 74 61 58 81 52 93 44 57 89 81 69 98 78 70 3 70 62 81 61 65 65 33 62 19 57 82 78 94 65 14 9 29 70 90 86 12 40 12 64 32 18 11 40 14 22 49 95 82 7 19 95 39 71 34 89 63 85 60 91 49 46 10 19 50 65 41 58 62 45 67 64 6 77 94 24 38 73 59 61 14 59 83 3 46 16 56 40 7 79 55 
Mach_2 30 26 2 29 98 67 92 51 53 82 86 47 36 23 34 66 43 71 31 36 41 6 28 43 18 64 28 13 7 13 93 93 56 72 71 28 95 96 55 58 66 3 77 80 2 82 86 16 29 24 89 96 99 15 49 78 48 64 3 63 14 95 88 9 61 24 38 50 47 42 30 97 49 79 19 80 30 24 58 43 6 95 43 99 22 99 11 99 60 42 33 68 78 26 77 1 13 67 87 31 49 90 6 76 94 76 79 66 51 14 89 87 1 65 53 19 21 98 90 45 77 54 86 2 3 88 39 56 24 91 86 80 58 54 57 42 32 5 43 80 86 47 95 86 40 31 61 12 64 17 52 56 35 60 75 10 50 66 53 58 12 66 81 51 75 71 46 88 58 73 27 26 38 48 8 14 58 89 44 16 20 69 67 80 81 82 27 5 44 38 53 16 48 16 31 79 75 14 67 70 
Due_Dates 1336 2673 4009 5346

Problem_2
Mach_1 3 78 97 19 34 19 17 75 35 84 44 73 93 90 39 93 68 66 77 17 60 6 50 44 23 95 19 59 67 84 27 97 72 58 1 29 17 94 88 44 75 30 89 24 20 69 25 61 44 76 82 13 59 58 61 11 49 5 6 43 17 3 42 38 61 48 19 3 59 72 60 71 18 67 52 72 47 80 70 80 4 63 77 3 82 97 49 23 86 47 46 73 17 53 47 30 5 21 94 99 47 20 71 49 86 34 21 31 42 40 86 21 56 30 40 84 2 93 5 68 68 56 78 48 64 55 54 24 81 17 8 64 39 44 46 23 22 81 12 55 46 57 46 18 54 15 23 5 79 2 86 30 84 80 19 39 94 35 66 75 5 52 64 57 19 49 63 67 92 46 5 83 70 69 82 84 92 8 55 96 9 8 30 17 68 82 16 56 97 59 67 86 97 62 80 94 74 6 92 20 
Mach_2 87 15 28 65 7 84 61 41 24 18 74 72 12 47 8 61 13 75 6 2 15 13 56 22 2 93 31 84 48 84 19 30 44 75 80 89 61 78 89 78 53 6 54 30 46 95 84 26 77 18 98 87 75 23 61 83 12 73 61 28 72 22 38 72 16 68 91 10 58 11 94 24 75 16 21 89 32 49 73 82 91 86 64 8 36 55 89 37 10 58 48 1 54 43 75 53 13 70 15 57 78 51 59 39 15 87 89 68 44 57 68 6 55 10 32 34 38 27 81 80 88 64 98 87 59 89 39 91 78 10 94 22 12 89 28 92 18 51 92 51 14 55 35 27 35 74 95 11 5 21 70 65 53 59 43 11 15 23 98 85 68 82 43 46 45 26 62 78 43 36 56 65 10 29 56 11 76 81 31 10 69 89 36 29 73 68 69 5 61 75 37 26 35 67 87 62 40 79 49 76 
Due_Dates 1278 2557 3836 5115

Problem_3
Mach_1 27 36 70 14 97 81 3 30 73 81 34 93 74 57 73 41 81 76 81 57 48 92 80 36 5 99 61 80 53 56 92 54 57 53 85 21 65 50 76 41 61 66 88 30 62 40 46 35 25 46 45 44 83 59 75 20 88 84 38 71 47 33 33 84 48 59 67 73 8 36 55 41 3 78 79 79 80 67 89 33 90 18 6 82 38 6 24 99 2 67 73 21 50 31 33 29 2 45 16 14 95 79 69 67 92 77 65 93 88 98 35 89 94 30 17 91 83 46 49 92 48 79 40 36 11 15 44 41 28 30 79 59 42 31 36 21 75 93 56 21 19 96 91 48 40 51 8 66 90 63 4 63 61 8 78 82 9 47 41 91 33 61 56 44 16 3 87 92 60 91 82 88 65 28 95 88 35 93 29 60 43 22 10 10 60 8 1 10 67 43 21 69 57 65 50 83 33 14 32 68 
Mach_2 37 58 7 22 31 18 48 29 49 39 77 2 24 79 9 77 28 39 76 9 10 77 79 79 44 34 56 91 93 89 49 26 53 26 37 43 96 37 7 94 36 80 7 40 49 57 54 78 11 41 70 25 15 48 25 87 18 81 35 81 42 18 20 63 80 37 89 18 72 84 95 80 43 9 80 74 16 32 93 85 96 57 19 2 28 35 60 12 77 42 21 70 64 87 15 38 6 90 32 17 32 53 86 29 60 23 96 34 33 41 64 56 34 43 83 54 24 65 22 98 77 55 54 17 46 75 80 67 63 87 7 87 5 63 2 87 90 83 5 64 16 32 14 68 41 8 59 52 68 20 51 99 6 72 69 80 25 7 19 87 83 72 78 74 63 21 81 93 85 5 46 71 98 49 99 21 78 97 68 48 68 16 37 80 56 10 80 54 73 84 80 40 93 27 96 11 56 6 57 55 
Due_Dates 1427 2854 4282 5709

Problem_4
Mach_1 79 23 2 94 66 87 2 19 50 25 36 87 55 14 68 11 14 58 17 34 88 98 53 7 2 15 89 46 15 42 66 50 28 45 18 72 23 20 2 46 68 98 2 65 69 80 87 60 22 3 85 24 95 95 36 2 67 71 18 18 32 15 72 30 41 29 71 51 1 71 27 98 15 73 87 49 97 74 29 50 32 13 55 40 4 82 89 43 88 10 13 93 58 60 2 30 73 84 51 80 92 9 53 77 84 57 27 26 95 61 5 67 88 37 2 32 94 18 82 39 99 88 68 33 86 34 75 30 51 35 40 10 82 1 26 3 51 31 74 87 52 79 51 36 46 5 12 65 58 78 50 51 12 99 38 72 73 39 10 35 44 96 68 51 9 89 72 16 42 24 99 62 30 49 91 31 98 90 70 79 47 4 95 78 49 35 39 27 53 55 11 6 40 51 45 45 29 29 96 46 
Mach_2 63 55 35 95 20 22 7 96 58 10 4 73 76 25 45 80 89 97 99 46 80 37 3 41 20 7 12 61 37 1 97 66 88 56 63 64 25 67 99 20 55 7 19 22 47 85 52 62 81 14 98 96 91 25 65 61 34 33 27 95 15 31 27 45 86 39 50 22 26 50 69 9 98 39 61 4 57 79 80 24 81 28 38 14 92 86 85 87 70 2 8 26 56 56 91 74 88 56 58 74 93 18 35 76 43 58 34 26 79 36 29 69 99 97 52 62 76 51 41 9 56 65 84 21 66 95 10 90 51 86 30 41 70 72 81 72 8 28 68 39 76 15 96 61 85 22 29 67 69 96 14 93 20 27 84 78 73 38 49 6 58 5 34 84 45 98 74 25 83 62 29 99 48 97 18 61 81 74 48 46 47 96 1 27 45 52 9 39 5 2 1 32 80 23 16 17 29 31 65 27 
Due_Dates 1219 2438 3657 4876

Problem_5
Mach_1 51 36 26 84 92 80 39 29 63 95 46 19 66 98 90 41 9 11 96 69 33 71 64 90 13 45 83 53 3 94 87 11 26 66 58 54 20 50 19 49 68 54 26 35 93 6 76 61 76 65 58 31 60 52 18 45 9 18 73 79 24 96 23 53 38 79 20 51 45 50 56 64 30 21 23 4 86 63 19 6 83 98 42 72 80 68 66 58 41 48 85 52 28 76 74 34 96 18 2 85 35 57 78 18 47 4 71 33 32 32 57 92 89 13 24 60 45 69 24 70 80 82 11 38 60 74 11 71 81 6 21 89 34 41 97 62 53 75 68 9 64 1 66 26 45 97 43 6 90 23 14 51 69 24 86 61 57 74 76 63 28 87 14 26 4 10 82 65 91 39 26 55 89 89 65 79 77 48 84 44 10 82 36 1 55 96 56 43 24 76 2 31 5 30 74 60 99 7 97 26 
Mach_2 25 56 21 11 3 36 42 32 84 68 59 22 62 50 72 76 80 20 95 18 21 45 60 83 65 83 55 59 31 90 52 2 35 86 68 93 23 75 79 34 51 46 25 54 8 49 68 56 25 92 1 79 62 1 45 84 22 35 61 64 9 36 29 15 74 68 78 92 94 73 43 17 82 36 81 66 66 83 87 30 91 63 24 98 9 79 85 4 14 50 60 59 87 98 28 77 11 26 14 44 9 32 57 93 50 46 84 28 66 62 17 25 41 6 94 87 36 94 40 64 76 43 27 13 37 35 93 31 84 84 74 71 80 73 19 63 51 27 73 91 59 92 69 31 71 75 26 98 68 1 74 58 6 30 63 30 50 36 72 37 98 99 30 2 2 95 90 45 84 86 88 18 94 24 26 94 63 15 81 21 22 50 80 10 33 51 37 21 41 38 12 10 49 12 50 28 58 4 33 80 
Due_Dates 1255 2510 3766 5021

Problem_6
Mach_1 88 93 78 54 48 89 7 46 22 64 33 76 49 60 98 69 66 25 93 38 1 94 40 69 22 43 69 69 27 68 23 50 97 37 27 51 71 83 30 73 10 50 69 29 55 5 38 99 37 29 45 4 82 83 21 31 27 43 7 64 39 96 16 92 62 75 18 21 62 4 50 1 96 83 53 65 4 48 42 62 92 22 82 87 21 79 5 19 2 95 18 4 5 79 7 95 82 33 23 7 45 43 49 35 43 84 41 50 62 5 8 43 34 25 31 82 66 48 82 40 59 45 98 56 37 36 85 94 10 45 50 23 95 71 12 21 24 85 26 29 61 55 15 81 23 70 31 52 62 31 70 30 72 73 13 12 69 12 20 73 73 38 84 39 10 69 98 39 66 67 82 29 82 42 83 21 92 34 49 59 63 3 20 11 15 90 61 80 90 81 19 24 36 88 70 76 16 97 59 12 
Mach_2 84 24 99 98 24 57 71 38 14 41 45 28 11 81 7 68 24 88 28 7 29 31 38 56 26 17 25 24 53 40 97 89 87 12 97 22 24 7 13 61 36 58 74 53 31 31 4 83 48 78 76 34 28 26 12 60 51 69 88 82 86 68 51 6 79 23 67 71 6 38 17 36 14 49 80 54 63 64 47 31 88 45 82 86 7 84 62 58 89 97 80 54 54 93 23 77 97 55 2 31 52 1 76 89 69 98 68 51 54 33 73 46 94 66 60 37 40 82 29 37 80 27 71 98 47 41 7 79 68 45 59 80 63 10 78 8 31 35 1 64 1 18 5 66 86 18 34 55 18 74 98 90 1 80 34 89 22 2 88 66 91 14 86 6 95 61 59 48 36 5 75 21 55 44 67 87 82 62 7 71 4 92 38 79 15 56 22 38 85 42 72 75 90 62 19 49 18 21 41 21 
Due_Dates 1265 2530 3794 5060

Problem_7
Mach_1 68 55 10 91 98 1 14 84 84 77 19 80 82 74 8 16 9 36 77 25 72 1 94 58 27 84 34 98 96 52 89 87 68 64 34 57 28 70 95 24 56 95 91 91 32 23 23 32 81 4 53 78 44 97 79 65 80 49 79 30 14 62 5 74 66 34 13 78 97 81 24 32 37 61 4 33 93 39 63 34 77 94 5 90 53 84 36 3 19 59 54 92 96 10 36 88 60 4 42 85 5 62 59 60 13 58 4 29 62 43 5 2 16 99 84 67 14 89 7 65 95 93 13 71 74 99 75 49 88 23 8 8 77 61 15 81 23 18 32 53 8 87 78 30 98 88 11 36 10 3 8 67 18 8 18 9 83 40 21 30 1 87 73 97 13 66 18 4 50 54 89 84 25 82 22 27 44 38 8 15 94 65 67 15 48 41 57 63 76 11 66 65 46 6 63 72 6 40 95 12 
Mach_2 48 64 13 26 55 85 55 59 79 37 54 98 44 36 30 89 76 18 43 12 75 84 37 34 55 56 1 79 12 40 29 17 48 79 91 63 34 15 22 42 36 37 84 77 79 61 90 88 36 21 73 41 91 58 69 90 18 80 96 6 24 11 52 74 78 76 78 51 89 96 49 97 32 48 50 50 70 8 38 24 18 68 43 6 6 13 86 71 15 39 86 28 4 71 96 70 29 24 51 4 4 35 77 99 63 30 52 42 56 98 76 11 13 14 58 45 29 47 74 62 32 55 36 93 26 2 87 61 79 49 66 46 68 61 33 73 87 88 34 43 42 9 32 25 39 45 16 96 7 73 82 12 88 56 20 96 75 34 98 22 52 35 97 88 56 64 93 69 10 31 59 41 38 13 94 68 41 95 57 41 25 19 45 86 6 2 9 20 32 61 48 77 43 83 88 3 36 13 42 24 
Due_Dates 1245 2490 3734 4980

Problem_8
Mach_1 91 23 99 12 22 38 26 67 57 2 73 71 54 75 65 28 85 43 40 66 35 84 47 37 65 11 81 32 23 77 17 46 41 85 74 82 87 62 49 93 99 84 45 98 50 77 25 10 69 53 39 62 75 81 24 99 78 6 70 75 22 18 87 37 17 20 84 7 84 79 29 22 29 44 74 2 23 83 79 91 17 80 39 64 30 73 7 53 98 88 92 31 46 92 14 51 77 65 8 32 53 52 87 88 44 20 89 69 73 49 93 7 62 4 54 55 46 37 47 43 20 61 32 85 93 23 73 12 76 38 13 85 79 22 81 75 7 27 87 96 45 94 12 39 59 19 12 85 99 81 5 17 17 30 36 73 87 44 37 12 97 47 7 91 24 76 76 65 97 32 99 83 70 17 88 42 63 54 10 3 5 75 92 13 27 13 35 63 4 46 60 44 88 64 13 82 67 33 64 19 
Mach_2 3 29 65 40 51 79 20 13 12 19 84 15 56 80 69 48 75 7 5 91 25 9 13 18 59 56 57 21 25 78 73 89 3 26 81 24 86 8 66 25 49 87 31 15 99 1 52 46 27 17 8 84 94 36 21 61 8 9 78 19 36 68 61 68 11 90 5 97 35 3 76 9 49 85 10 19 84 71 8 67 23 11 74 32 37 52 69 68 34 9 5 69 41 8 50 18 97 49 57 63 1 73 39 41 87 98 48 39 74 87 88 4 98 19 94 25 46 27 70 85 42 18 92 62 22 38 82 48 23 98 25 73 34 94 10 73 47 95 18 69 29 11 42 98 82 98 86 96 90 24 6 18 43 25 20 34 34 58 47 76 79 66 12 26 95 27 74 4 82 36 38 9 76 69 18 38 72 46 57 45 95 26 70 37 42 31 42 88 22 21 83 31 72 17 50 37 33 90 85 88 
Due_Dates 1385 2771 4156 5542

Problem_9
Mach_1 64 52 2 49 20 96 64 70 79 36 7 48 81 70 65 30 68 61 40 15 39 5 27 19 99 75 75 9 42 11 53 18 43 9 15 27 26 67 26 67 41 5 15 54 82 74 34 73 44 84 45 11 67 16 3 34 40 31 90 29 68 25 68 95 52 77 60 12 74 86 9 89 24 93 71 52 88 28 53 23 48 73 42 7 87 8 95 31 68 49 82 58 92 47 83 91 7 61 49 65 65 90 59 94 97 61 63 83 54 5 10 4 12 50 21 51 90 52 37 94 77 48 25 8 75 14 11 20 58 97 29 53 53 11 97 91 42 19 86 68 24 21 7 31 57 6 90 26 4 97 4 14 22 21 22 38 64 54 15 47 88 58 53 93 4 83 39 50 36 75 35 86 36 71 43 46 48 16 91 45 31 53 8 15 10 46 37 87 25 96 21 99 67 23 16 5 50 40 5 67 
Mach_2 66 61 18 44 87 82 61 97 39 27 10 29 56 51 44 98 69 25 29 30 97 63 91 32 64 16 69 80 29 66 86 12 83 50 53 1 2 35 56 23 7 48 22 39 25 57 33 5 2 62 88 96 92 28 5 54 87 77 16 72 18 15 81 62 21 33 75 60 1 38 51 76 89 37 87 7 24 86 76 4 32 36 37 74 28 7 67 50 40 21 31 15 76 39 46 96 4 9 96 92 73 60 30 90 94 68 85 36 52 40 86 54 71 79 72 97 35 87 23 78 36 79 75 18 2 8 26 85 51 22 25 55 23 34 28 10 44 67 54 53 38 38 93 41 14 3 32 78 41 93 25 95 90 33 91 65 40 33 34 7 50 7 74 53 2 83 76 37 22 62 75 80 74 65 38 69 85 21 25 45 90 55 92 36 49 47 26 4 43 83 92 26 94 31 59 84 15 2 25 48 
Due_Dates 1271 2543 3815 5087

Problem_10
Mach_1 7 3 45 44 54 36 79 40 10 51 39 45 96 30 89 70 96 32 55 98 15 79 92 9 49 11 57 44 55 91 23 13 23 80 69 74 4 40 19 93 86 45 2 65 79 17 28 90 5 67 71 28 47 56 19 92 57 52 77 4 45 94 81 61 56 97 44 86 61 64 64 95 63 27 9 49 31 14 67 72 49 74 46 84 6 48 19 56 65 18 91 57 31 19 85 37 92 28 83 61 51 97 14 36 30 11 2 20 65 67 7 56 67 96 46 27 42 48 30 89 5 53 70 44 94 97 26 87 79 11 44 11 46 86 35 44 9 25 48 86 85 90 58 72 90 81 18 2 10 93 15 2 78 41 40 99 78 78 74 41 64 60 32 30 66 30 58 54 78 65 69 13 86 43 6 61 17 57 45 94 50 18 67 20 42 45 67 21 64 79 92 66 9 80 67 59 68 72 51 10 
Mach_2 88 75 17 86 77 83 27 65 58 15 28 23 50 73 36 2 46 49 51 44 97 26 58 88 40 31 88 36 53 59 17 86 72 88 61 47 80 65 47 18 98 12 51 81 70 3 45 87 89 15 13 90 40 85 19 99 52 44 94 34 35 53 86 32 3 20 64 14 24 80 57 75 59 5 26 21 25 97 24 84 48 3 1 84 78 21 25 54 30 45 52 54 19 17 57 1 17 60 95 87 36 30 14 41 3 44 88 22 37 29 70 81 58 17 93 81 34 49 33 72 84 2 1 11 56 91 29 46 68 7 75 18 98 32 42 89 91 16 83 47 30 1 18 64 16 58 5 42 1 22 60 48 31 60 82 87 84 3 34 75 40 71 26 86 65 33 94 30 41 64 22 91 71 41 54 56 11 47 7 5 8 32 79 11 32 26 3 26 36 15 5 71 28 91 69 41 11 71 70 66 
Due_Dates 1314 2628 3941 5256

Jobs_500

Problem_1
Mach_1 36 21 87 18 33 68 24 30 44 57 93 53 76 8 10 34 1 6 19 85 47 49 59 15 44 56 20 82 4 65 15 24 52 28 80 75 45 79 33 55 97 38 83 33 37 76 93 50 27 24 84 70 14 45 4 23 66 71 7 80 26 3 29 76 85 87 80 33 29 85 33 22 20 66 91 26 68 38 52 80 74 53 37 96 87 2 35 11 85 4 15 78 83 47 80 70 41 68 8 25 79 17 20 18 76 11 37 50 20 53 77 3 69 70 92 23 29 75 53 63 47 1 67 43 86 20 96 19 57 45 73 86 37 99 9 98 69 23 61 9 72 76 71 9 11 20 53 17 30 62 53 43 2 87 51 4 23 12 51 96 31 80 35 83 38 48 4 84 20 80 92 23 79 1 67 64 99 70 46 42 15 3 10 19 14 52 95 29 16 4 78 28 48 81 88 77 5 67 98 51 37 57 73 26 76 91 42 24 79 82 81 99 89 5 2 2 42 67 75 63 96 83 63 52 9 83 24 36 67 32 4 94 21 33 72 33 67 73 24 37 59 8 17 47 63 28 98 4 57 8 78 94 82 72 16 35 39 59 45 83 41 60 52 59 99 11 71 4 85 2 96 97 34 67 19 95 58 48 69 5 72 42 55 45 89 23 54 7 67 40 73 34 19 80 7 11 69 42 75 24 79 52 51 12 53 8 16 21 62 99 31 22 30 67 24 43 56 70 22 97 19 33 34 4 4 87 29 46 19 92 56 13 28 64 66 14 66 48 78 88 54 63 94 17 39 35 6 98 96 66 72 76 91 85 64 27 6 22 31 69 16 30 94 20 84 95 92 31 47 93 81 82 67 41 88 72 70 7 35 35 12 25 43 77 45 27 80 67 12 63 94 5 41 24 68 90 97 66 15 19 55 91 99 12 73 52 24 46 65 48 19 35 19 67 99 99 11 50 34 66 74 64 8 18 77 92 85 43 63 70 13 18 28 77 94 47 77 4 12 17 84 72 69 45 51 33 14 99 49 36 97 35 80 94 38 25 80 18 90 63 55 44 93 48 68 53 15 79 4 95 95 19 58 58 9 31 37 26 54 69 15 75 81 66 21 27 87 19 33 64 20 70 26 68 5 10 49 38 25 90 
Mach_2 4 19 7 29 71 79 20 84 59 30 43 33 76 33 90 42 94 61 76 87 71 5 82 92 51 3 12 21 58 66 63 46 71 79 84 56 84 72 35 48 93 56 20 19 64 30 11 41 38 93 86 58 63 99 28 45 15 28 44 70 8 67 67 75 75 50 33 51 32 87 99 67 66 32 76 34 89 9 7 86 26 80 44 53 38 32 81 46 1 53 26 83 24 35 82 2 63 44 45 26 3 66 63 37 47 23 98 2 7 48 49 27 36 10 17 22 75 71 19 33 68 82 4 37 62 89 62 7 14 26 69 80 94 2 66 34 81 74 68 31 91 90 10 61 7 72 35 41 78 19 24 45 8 39 5 20 79 8 46 10 83 56 75 26 76 35 63 62 14 49 16 9 49 85 61 27 98 36 32 83 34 13 39 17 81 84 46 50 63 81 44 56 44 81 96 8 51 64 45 41 34 79 83 16 58 13 56 55 14 65 79 91 62 55 59 21 1 11 51 84 51 18 71 43 37 68 37 39 43 31 63 71 68 86 65 82 78 74 93 7 33 3 1 34 54 8 87 25 83 57 59 3 46 24 99 3 45 12 89 88 19 77 41 52 93 90 47 50 2 24 50 80 94 40 38 35 46 34 10 74 5 56 52 69 3 40 26 29 24 81 37 93 46 15 12 74 74 29 50 86 12 50 70 50 47 72 96 46 9 13 85 20 59 94 31 80 80 77 80 90 7 23 59 57 26 64 37 2 94 51 39 57 42 42 48 42 84 48 33 2 10 37 47 26 46 38 21 57 51 27 72 99 81 29 94 48 86 94 87 50 22 33 63 51 53 12 82 54 7 71 95 74 67 30 57 36 5 33 19 85 41 43 5 12 47 83 75 16 91 72 86 16 32 83 44 91 41 43 29 63 97 70 65 90 4 75 38 42 7 27 12 45 69 78 66 2 81 76 67 98 52 63 6 11 84 72 90 84 75 17 3 87 19 47 73 13 8 56 65 82 98 78 10 2 68 15 82 73 57 66 30 5 57 74 35 58 10 76 32 67 42 54 39 41 11 91 63 26 24 70 31 22 36 44 7 61 20 99 99 91 46 52 73 96 16 95 33 64 61 26 39 33 16 58 92 53 13 44 64 89 
Due_Dates 3071 6143 9215 12287

Problem_2
Mach_1 29 36 99 2 99 92 88 9 45 12 95 26 78 36 63 68 49 52 24 47 49 85 85 31 86 76 58 48 84 71 69 3 57 94 81 27 96 77 35 41 27 79 96 61 56 17 42 58 45 28 79 99 99 14 29 59 13 12 82 94 19 25 59 58 80 40 45 91 4 58 94 82 74 28 41 42 86 71 9 87 97 81 54 12 58 89 7 16 19 14 24 80 42 34 42 56 4 8 36 55 29 88 83 83 3 64 44 61 95 81 81 14 19 46 26 93 73 46 59 5 42 67 66 20 19 62 6 61 99 55 1 60 99 92 35 4 63 29 22 62 46 46 31 99 63 13 36 27 74 32 74 60 25 86 64 47 63 57 44 50 65 26 97 54 90 57 85 18 26 55 48 51 10 6 79 62 32 44 12 98 38 69 84 42 85 67 93 52 13 13 79 43 33 40 70 57 98 56 58 88 84 50 63 44 73 77 97 73 26 10 9 12 56 66 77 92 63 39 92 77 70 5 82 34 78 59 37 13 59 39 36 26 93 51 59 82 22 72 92 68 7 25 72 7 93 97 5 20 67 67 8 46 16 27 96 31 55 16 96 61 64 84 6 47 4 32 35 89 22 59 77 59 4 15 6 80 19 53 38 70 47 23 60 40 29 93 95 43 34 33 9 97 60 79 17 74 43 41 88 59 88 33 5 97 55 41 12 92 27 15 64 22 7 36 12 92 64 3 46 92 46 19 63 28 18 25 87 88 20 77 30 49 22 71 36 96 56 50 94 29 8 31 8 43 29 55 27 50 12 18 76 21 35 58 12 8 21 33 70 16 95 53 27 21 15 17 72 4 72 48 50 68 91 86 66 12 56 22 72 13 46 75 79 72 91 36 47 91 78 95 56 68 67 20 66 85 80 99 29 6 34 92 57 12 72 94 6 75 1 9 74 57 97 56 73 37 58 20 62 99 62 71 89 48 69 96 96 55 51 56 32 98 13 8 75 96 92 9 35 81 6 7 81 18 77 15 67 62 54 39 93 58 21 12 5 51 73 97 17 47 95 75 22 56 97 52 68 12 67 81 7 41 59 30 46 90 57 61 51 53 61 43 32 72 69 24 48 61 45 61 93 24 20 86 8 92 19 22 89 14 
Mach_2 99 18 97 28 91 61 83 12 52 55 47 71 23 79 86 73 59 59 40 13 83 94 69 42 39 88 62 16 86 85 33 11 68 45 22 63 15 74 80 84 8 52 74 53 13 40 13 5 48 2 14 44 85 34 30 77 31 91 65 90 60 30 80 11 52 62 25 87 14 75 38 61 30 8 99 79 98 81 55 19 70 66 16 62 25 32 98 84 58 24 62 21 75 91 5 58 69 99 96 75 81 62 68 61 28 46 59 30 97 92 43 77 34 66 98 14 42 76 37 20 64 22 9 66 18 72 30 76 57 24 68 63 23 17 37 87 37 25 88 27 37 79 17 85 55 34 88 65 43 16 31 50 71 28 40 87 15 45 20 9 10 58 81 24 73 7 53 41 76 10 43 23 69 99 51 31 36 42 20 43 65 37 83 67 16 23 5 29 74 91 56 25 34 31 66 9 5 67 75 65 84 32 38 14 16 19 81 59 95 62 13 98 1 43 22 57 96 58 38 32 16 32 37 5 44 75 45 36 79 30 66 90 8 84 88 77 43 97 97 33 77 95 97 37 14 61 30 40 52 63 65 72 91 3 97 56 23 74 97 80 97 7 74 59 4 99 74 1 45 45 7 66 56 15 1 17 60 69 27 61 99 18 63 80 58 23 51 84 9 89 69 45 19 57 82 83 62 56 3 10 73 2 65 24 76 52 69 55 47 50 7 81 47 34 62 74 17 45 89 31 40 47 79 98 56 3 53 90 93 68 65 74 15 54 77 72 67 11 91 69 92 74 96 20 7 12 70 23 41 28 42 5 32 18 92 55 89 62 14 69 6 78 87 39 5 96 51 80 64 73 24 95 35 57 28 69 92 11 4 85 89 81 77 17 44 39 60 59 60 55 75 76 95 53 2 42 48 76 16 70 43 89 69 34 70 96 99 48 60 64 62 31 49 95 23 65 10 51 29 63 7 28 72 63 63 40 39 48 1 67 42 6 75 65 90 90 4 53 39 35 95 6 16 69 92 30 81 20 15 49 50 47 9 97 92 22 76 91 55 50 57 58 62 82 84 44 92 4 94 6 74 12 3 73 16 32 99 45 7 36 21 88 74 69 73 87 19 39 58 27 81 42 90 70 63 13 48 7 13 20 
Due_Dates 3310 6621 9931 13242

Problem_3
Mach_1 37 1 35 78 18 86 55 7 22 11 88 84 75 61 67 50 53 84 78 87 40 79 51 61 75 25 46 38 57 31 1 87 20 6 59 74 99 21 60 80 17 33 73 7 10 8 64 39 58 53 56 72 84 58 61 4 70 75 98 11 41 78 11 25 80 39 34 90 79 10 34 43 69 72 53 10 3 87 17 92 68 50 11 27 57 25 78 94 20 5 44 69 45 98 70 43 52 39 20 88 1 61 33 56 59 61 57 41 38 64 26 26 98 53 16 41 31 6 11 30 91 94 86 61 10 21 32 88 95 81 25 23 41 13 14 12 4 66 34 29 89 9 43 8 45 9 27 73 72 46 20 45 14 7 77 76 30 21 19 49 14 19 2 13 83 96 25 38 86 74 11 98 32 77 37 17 97 94 98 30 66 45 93 42 1 41 43 74 63 67 26 9 51 50 57 36 9 47 67 86 39 61 24 3 95 89 82 82 30 8 98 30 83 77 69 72 42 7 6 73 76 36 50 91 29 73 9 32 63 88 36 98 37 85 33 59 64 33 65 68 12 38 71 55 1 83 58 29 25 90 50 78 59 12 46 49 71 30 29 4 38 79 52 85 15 70 77 30 59 31 79 48 82 35 18 91 56 73 3 66 53 30 69 23 68 27 22 11 74 53 48 53 42 69 87 18 59 63 15 10 86 77 56 76 36 78 70 40 34 38 63 42 33 23 71 54 76 47 80 88 22 90 94 32 73 85 81 3 11 64 90 92 48 84 88 2 12 89 92 11 58 50 79 32 47 85 1 83 34 83 59 72 9 40 36 67 53 85 88 39 48 5 8 22 45 2 5 38 26 52 82 16 50 25 3 94 67 77 92 20 85 86 82 72 68 60 23 41 18 16 12 4 76 93 18 9 58 24 79 39 36 13 57 13 36 72 81 92 33 19 60 95 32 14 91 92 60 95 72 32 43 57 30 27 5 64 11 88 53 41 14 55 23 40 65 29 26 93 98 90 24 55 24 63 55 65 55 55 24 49 48 97 40 20 84 63 77 68 28 79 60 99 66 18 95 41 74 72 65 20 51 81 17 5 28 96 44 77 68 28 44 31 52 61 71 30 10 49 92 31 6 16 25 82 72 48 40 16 35 70 
Mach_2 41 5 39 8 28 50 8 62 96 73 4 8 20 55 97 60 50 79 31 53 16 80 95 80 66 21 1 39 60 33 11 92 13 40 70 82 4 11 26 34 33 73 98 21 29 56 29 45 16 31 21 10 55 88 87 15 86 49 8 53 74 15 59 62 39 49 99 61 10 28 40 49 48 75 42 85 12 24 46 6 90 22 31 84 73 62 63 48 14 20 21 85 49 98 32 66 64 77 22 45 86 22 33 88 93 40 92 52 67 51 43 11 71 60 81 24 58 86 50 97 23 92 73 88 65 48 21 78 76 20 96 47 35 75 88 25 52 8 65 52 96 86 72 39 29 86 71 30 71 27 60 63 5 30 61 18 27 85 96 32 34 10 69 99 72 29 17 97 46 36 79 48 73 66 75 65 38 67 86 79 15 49 72 67 70 19 54 36 32 82 90 46 79 10 81 3 71 53 16 18 93 86 29 8 95 30 57 39 5 12 22 98 69 55 25 89 70 95 85 45 39 53 87 73 89 66 77 30 2 10 60 49 70 53 10 47 1 18 16 45 26 26 41 28 58 81 43 72 43 86 18 41 33 22 41 66 69 7 22 78 24 71 16 56 62 20 62 20 57 88 27 75 68 31 46 55 57 76 92 64 25 96 95 24 23 60 86 63 72 8 28 3 81 39 50 87 77 82 47 77 51 30 13 40 49 9 75 56 20 66 7 62 39 55 49 57 18 22 73 58 45 68 75 97 57 38 38 78 29 29 53 36 13 45 86 86 5 14 27 74 91 34 80 61 65 63 11 74 32 49 60 42 90 9 31 4 86 93 75 53 19 29 81 65 48 87 91 9 31 34 92 18 49 18 48 46 44 9 91 61 31 97 74 34 44 3 72 25 25 86 32 70 33 80 30 41 46 92 50 1 57 78 26 58 81 48 80 65 87 5 43 89 83 14 86 58 88 62 2 89 5 41 46 60 72 53 83 85 50 87 2 98 59 38 2 55 44 92 69 64 13 75 20 60 55 6 99 41 67 92 83 76 96 81 58 40 43 97 28 82 73 81 94 49 89 1 86 76 7 68 89 80 37 80 70 3 5 68 30 33 75 91 13 92 88 23 24 94 55 57 29 8 34 22 31 68 14 53 74 38 
Due_Dates 3063 6127 9190 12254

Problem_4
Mach_1 3 94 39 10 2 66 26 6 83 12 16 52 89 65 48 69 11 39 51 46 50 98 32 91 65 29 48 14 83 20 78 22 89 15 85 60 93 18 6 36 7 99 41 36 81 61 72 59 90 53 5 85 81 65 81 74 62 96 54 63 32 49 76 85 70 13 28 87 64 90 84 31 3 87 89 77 31 79 72 89 48 94 59 20 16 35 44 57 62 73 36 79 79 83 40 35 69 75 71 88 92 13 40 67 27 88 27 89 45 24 89 45 9 90 98 44 26 19 71 29 98 70 62 49 27 28 49 45 90 98 49 82 25 73 54 52 25 80 30 86 70 12 5 69 49 45 9 50 31 8 1 59 56 15 67 87 64 95 16 73 58 40 32 69 5 41 76 77 74 7 33 18 13 8 29 45 81 46 18 55 22 69 28 5 9 65 42 57 25 29 30 90 81 13 84 86 13 7 60 3 72 9 33 43 48 63 98 90 93 4 45 82 37 50 97 26 56 71 82 61 69 37 8 10 12 23 67 1 71 37 99 88 87 36 80 73 35 2 96 61 56 70 68 33 12 43 38 64 81 57 27 51 93 61 92 67 53 39 24 85 11 8 44 47 54 40 11 19 99 81 82 32 2 87 59 55 16 58 18 20 96 14 28 80 37 17 90 39 7 78 65 3 20 14 10 17 29 53 26 56 13 37 86 67 85 38 88 14 65 90 67 29 80 79 39 44 92 46 43 72 75 87 48 85 32 44 60 71 67 40 65 24 56 31 42 32 66 68 80 98 36 3 28 13 47 49 23 49 36 33 71 55 58 83 10 22 85 44 34 64 46 31 9 7 87 36 71 39 68 83 28 6 29 72 52 40 91 49 33 64 43 96 46 11 78 38 69 51 48 89 6 2 71 43 69 47 90 69 56 83 77 51 69 6 69 48 96 62 14 82 12 2 17 3 92 3 83 61 64 5 20 60 15 3 88 43 57 8 48 83 79 51 23 64 9 13 6 19 59 51 31 35 12 33 9 8 18 35 85 73 43 96 97 9 76 77 82 36 4 87 2 64 84 47 29 64 91 47 72 60 60 40 67 81 89 75 84 46 37 50 6 70 47 53 22 80 93 66 39 75 26 33 76 62 6 50 59 27 94 9 
Mach_2 7 25 58 38 62 91 40 17 22 22 18 79 11 76 4 61 51 30 26 55 13 35 65 53 82 69 28 93 37 32 51 4 38 7 28 22 77 71 52 46 5 17 48 71 43 15 59 85 31 76 63 6 71 10 83 50 55 6 90 17 7 35 84 85 88 73 5 93 14 13 4 70 74 6 31 74 8 34 74 99 64 35 84 49 97 87 38 13 71 81 83 16 37 58 83 97 55 79 53 90 93 86 58 16 87 65 88 29 43 25 52 24 80 61 28 4 24 53 62 65 82 3 9 46 80 7 52 19 59 96 29 19 32 36 2 16 67 11 16 21 81 16 69 40 65 71 27 23 16 61 19 70 52 8 28 11 6 29 87 93 34 23 20 76 8 15 77 88 41 57 54 20 73 29 91 52 51 96 32 70 17 45 75 7 46 69 95 52 83 1 40 91 46 47 8 39 42 45 87 81 46 77 17 65 25 6 67 98 96 81 71 11 95 39 14 22 84 49 63 46 83 67 49 81 80 86 47 54 29 81 9 81 62 43 11 37 67 90 69 5 87 93 99 14 96 72 81 46 89 30 44 73 34 4 82 81 95 8 12 32 75 76 66 95 83 65 60 40 70 17 67 45 58 84 18 65 73 40 37 33 7 35 9 68 55 73 59 53 7 63 42 86 14 60 87 24 65 15 9 45 10 66 5 74 73 61 34 89 23 77 34 24 51 24 42 65 54 33 98 34 6 43 75 25 24 11 67 33 24 23 47 52 32 97 17 37 98 60 55 10 39 53 94 46 79 50 12 30 76 36 77 21 92 78 24 41 55 22 1 50 81 56 19 33 56 28 38 52 4 43 95 17 81 92 33 43 9 75 39 13 7 73 37 35 26 44 1 58 78 44 20 75 65 7 26 57 39 10 70 39 52 10 51 21 45 53 12 69 87 7 73 97 50 41 1 89 58 82 71 50 86 97 16 59 66 72 27 74 59 45 36 71 37 46 68 97 38 15 52 60 77 11 26 55 41 5 77 38 85 55 53 29 2 10 81 10 83 49 96 15 20 98 69 62 76 47 3 53 34 38 8 99 50 12 89 88 25 2 46 25 31 24 88 9 91 1 1 94 71 74 68 90 79 78 6 14 22 79 49 41 
Due_Dates 3305 6610 9916 13221

Problem_5
Mach_1 11 61 11 87 28 90 63 18 26 81 99 57 62 39 81 34 64 41 64 86 84 23 41 69 81 88 85 99 40 82 20 38 41 7 78 3 73 72 38 71 25 15 26 28 41 93 88 89 77 97 86 77 77 34 94 80 27 12 34 80 73 3 45 59 59 25 40 46 79 56 63 92 96 65 83 40 40 79 45 35 16 86 54 57 39 65 5 53 14 4 88 63 68 55 56 78 77 65 19 3 80 3 3 48 84 29 77 89 65 33 19 67 72 3 84 27 5 24 98 46 65 14 72 22 8 25 93 13 74 34 28 48 43 52 91 23 7 79 30 38 87 92 3 49 51 87 79 45 34 33 25 44 68 37 79 58 22 86 71 46 51 5 41 79 16 12 64 35 7 65 55 14 57 66 46 86 18 96 54 59 99 24 53 88 72 80 93 50 18 74 22 51 31 68 63 7 48 35 63 92 90 79 63 47 10 62 63 37 53 86 15 62 17 47 99 89 66 84 52 55 4 80 82 97 31 26 70 42 18 19 52 50 5 51 71 32 76 13 80 59 95 44 28 81 97 28 71 24 69 78 78 75 21 17 17 29 92 68 73 54 91 83 66 45 84 28 83 98 49 98 41 56 88 27 70 16 59 82 91 30 9 54 46 69 94 22 42 80 22 79 33 34 69 60 47 20 9 1 9 64 64 88 34 52 32 69 86 26 67 53 30 81 27 30 36 11 9 57 58 4 28 49 23 56 22 69 2 13 11 33 12 79 28 1 18 50 58 80 35 21 72 62 37 7 58 53 43 82 49 40 91 15 64 16 13 30 69 25 61 53 16 26 74 60 60 36 93 25 69 74 42 52 43 16 87 99 66 11 95 80 28 17 49 17 72 53 33 90 11 13 61 25 6 99 81 38 52 54 11 23 64 40 25 48 10 24 62 54 60 59 9 5 38 79 49 84 42 89 38 4 41 35 13 10 12 58 79 76 34 45 90 47 8 36 10 96 89 90 40 5 69 90 8 60 67 5 85 15 12 13 35 89 88 44 95 94 81 38 60 30 15 95 56 17 58 6 73 85 15 46 95 4 50 65 28 53 12 55 85 41 13 83 5 79 74 51 66 66 26 81 22 7 3 76 56 3 33 88 46 84 
Mach_2 26 10 66 69 39 91 23 49 95 33 88 11 14 98 76 76 43 24 77 1 41 16 64 23 45 66 70 15 15 7 35 50 78 22 83 62 61 13 64 90 40 66 28 96 13 32 87 93 28 18 25 60 38 93 6 52 47 8 23 33 37 92 16 50 62 57 10 46 33 92 76 91 79 62 40 38 71 58 72 18 1 51 69 15 65 58 63 89 9 55 33 95 16 67 10 6 65 5 99 23 77 51 63 92 85 82 29 79 52 8 56 88 49 4 60 42 76 31 31 39 75 47 85 74 77 87 77 7 89 37 71 80 91 97 59 15 28 16 45 5 13 3 40 46 54 62 53 4 79 55 36 10 55 98 35 96 27 88 88 40 26 96 88 75 64 26 40 1 97 36 10 42 75 99 70 24 19 39 93 90 29 99 30 15 42 63 86 39 57 73 16 60 93 97 47 78 9 67 67 62 54 70 40 50 30 33 82 34 95 21 37 4 65 21 51 34 16 75 7 91 93 45 5 14 62 11 31 92 73 88 70 77 37 66 99 12 52 98 54 74 43 12 56 60 81 4 44 67 18 53 67 45 13 29 10 83 12 51 27 78 35 43 28 89 37 19 47 25 87 9 17 43 7 23 49 43 75 11 75 40 48 24 43 48 3 53 50 63 57 93 46 97 11 18 6 31 49 97 11 53 42 90 76 12 20 93 25 53 26 55 71 3 42 11 84 6 72 5 60 71 82 96 54 83 17 45 39 54 86 53 18 69 64 55 86 8 39 79 95 41 10 51 4 12 33 23 31 19 6 66 73 68 91 84 93 81 36 50 26 25 22 41 93 21 24 50 69 96 19 22 92 43 18 32 11 77 59 77 24 68 25 58 10 77 62 33 70 14 99 45 33 75 95 78 9 75 20 81 22 84 27 27 33 75 83 27 67 90 2 53 79 41 54 56 57 36 61 21 47 26 89 84 62 55 50 47 98 18 12 73 51 23 6 60 76 98 74 13 70 33 91 93 96 30 42 73 5 18 59 93 87 18 38 71 92 95 91 66 13 88 83 55 64 21 73 53 20 24 93 65 78 15 77 74 67 34 86 49 92 37 48 15 40 91 17 99 55 80 27 81 11 69 61 69 67 1 93 50 79 31 
Due_Dates 3226 6453 9680 12907

Problem_6
Mach_1 80 87 30 35 53 80 4 61 54 99 49 41 47 46 39 66 89 33 19 49 5 62 91 18 12 6 52 13 38 39 55 8 61 77 90 30 9 47 23 64 22 84 9 40 63 88 56 83 54 83 12 89 53 66 64 68 25 71 11 54 60 71 23 73 57 67 98 99 39 84 55 59 55 48 14 78 21 63 81 24 82 68 39 33 88 66 15 83 23 63 7 64 95 32 22 11 69 84 92 2 98 69 92 26 2 83 78 24 53 41 59 21 58 76 59 29 23 23 38 87 47 98 36 77 72 93 55 87 32 30 75 68 25 95 97 72 13 25 20 7 6 75 34 85 80 90 71 37 34 34 71 63 43 24 81 10 97 73 74 95 25 78 90 18 87 76 57 67 1 36 28 3 58 15 50 54 35 33 79 20 85 7 81 57 96 77 24 19 99 89 55 87 49 17 21 13 11 46 50 25 99 8 2 48 21 29 21 17 92 89 91 32 3 26 21 55 91 39 4 9 90 3 68 23 54 94 58 79 31 88 59 64 27 68 13 94 24 60 1 53 13 17 7 32 58 88 38 57 39 34 49 87 77 70 84 92 38 14 34 32 4 21 25 70 39 23 18 5 65 46 84 99 56 34 77 93 1 51 78 79 76 99 45 52 16 63 24 19 90 50 95 26 92 16 54 37 67 51 95 33 79 90 72 87 33 33 78 14 54 73 5 39 57 1 69 63 85 5 38 7 77 63 83 36 23 96 60 90 85 20 33 72 95 49 5 88 65 73 67 88 81 33 87 51 19 17 63 18 72 87 94 86 26 58 77 79 18 37 5 95 98 76 56 93 8 26 25 63 11 11 51 39 81 42 96 67 49 59 76 67 53 1 53 74 17 8 16 35 53 55 49 65 80 89 29 68 56 94 46 40 68 4 91 65 18 51 91 27 6 5 30 20 90 18 23 97 27 65 43 38 40 86 51 11 54 93 40 49 50 95 97 29 53 86 95 67 35 60 58 41 13 91 22 72 23 45 24 57 81 23 21 35 16 6 68 5 6 59 29 31 1 99 42 71 31 74 67 17 47 44 36 50 42 25 74 10 72 59 87 97 95 37 12 15 46 19 19 83 19 30 31 87 93 48 13 93 32 2 5 27 
Mach_2 31 28 66 12 72 51 21 93 18 35 7 23 66 46 52 26 29 89 81 22 70 95 55 31 29 29 32 51 86 20 80 71 51 10 65 41 28 27 67 8 80 7 8 58 21 44 14 99 75 30 20 49 85 65 71 32 82 22 68 77 43 15 21 8 97 63 44 97 28 12 91 39 5 94 54 4 4 90 55 27 55 71 9 19 72 83 77 8 59 88 41 39 19 10 40 73 74 51 49 61 70 43 90 67 71 9 49 3 53 60 48 67 59 60 89 52 62 37 11 37 21 12 69 95 17 25 35 33 77 37 48 40 34 82 68 67 27 2 20 4 82 47 70 22 21 35 3 40 52 20 46 71 91 12 64 7 96 8 70 23 26 28 41 74 60 82 25 99 16 59 35 79 32 10 38 27 7 30 88 86 53 77 20 38 55 48 65 44 75 1 87 47 46 78 50 7 78 87 13 69 90 52 35 60 71 62 66 26 52 40 75 51 33 79 77 52 62 42 62 2 45 37 69 81 62 63 6 86 3 4 42 99 28 13 50 70 8 51 66 92 48 81 97 59 20 67 22 92 84 81 82 41 45 72 70 81 23 60 43 2 50 87 68 28 84 72 93 79 67 2 36 91 31 7 14 78 70 63 44 65 62 15 47 71 11 19 82 47 96 98 40 95 2 50 89 4 11 43 19 89 85 60 24 63 36 71 34 74 29 83 73 56 44 23 65 17 65 11 8 21 72 65 66 77 55 32 92 49 96 40 95 15 97 90 43 75 57 43 56 23 25 39 86 76 60 38 77 5 75 7 12 9 68 23 94 67 21 17 83 33 98 52 26 35 5 96 63 17 6 90 72 14 45 4 93 11 64 86 79 23 7 77 72 82 63 37 19 30 84 97 88 61 14 18 43 58 20 99 93 21 50 84 1 59 24 86 60 61 99 93 33 88 54 17 7 36 43 59 44 95 42 9 55 31 77 33 71 8 24 64 92 64 95 35 97 15 51 25 26 80 48 2 30 26 27 10 40 23 59 89 7 47 39 97 80 72 87 51 13 90 92 51 16 16 50 98 45 37 11 17 53 15 11 84 9 44 12 41 26 97 52 59 3 22 47 27 68 91 25 8 36 63 58 62 25 16 73 3 67 42 
Due_Dates 3215 6430 9646 12861

Problem_7
Mach_1 21 24 14 21 33 35 34 15 48 45 45 64 4 62 89 59 23 20 12 37 25 10 35 29 36 4 76 90 78 69 38 99 67 96 82 51 34 7 93 45 84 42 13 8 78 63 87 77 28 62 68 14 88 18 11 64 11 29 93 17 24 51 41 1 51 39 74 66 7 60 64 8 86 26 18 58 50 30 89 83 64 96 29 73 42 45 97 82 60 68 62 69 20 42 99 13 50 46 59 65 38 21 32 6 96 10 81 14 31 1 4 6 94 84 52 18 59 86 64 18 99 99 97 29 61 85 35 42 92 63 87 7 40 55 67 16 94 28 80 23 3 3 90 40 16 31 13 65 1 75 24 76 88 80 79 76 23 85 53 38 52 39 28 92 85 18 86 7 22 97 63 44 33 9 92 33 98 57 54 60 37 7 83 38 1 76 51 35 95 63 92 8 86 46 70 11 88 96 81 86 99 9 36 56 10 5 90 70 11 28 95 23 43 32 17 11 68 60 5 53 7 43 30 71 9 99 49 22 89 99 98 21 48 10 93 31 13 39 38 36 21 80 39 59 65 70 80 90 75 95 15 20 83 72 93 66 12 92 61 84 2 20 38 31 63 23 93 85 66 80 49 62 1 67 84 29 9 5 83 74 19 53 11 75 77 64 45 21 52 88 16 88 1 52 51 74 29 7 27 17 20 52 53 61 47 38 36 58 3 46 69 43 16 23 93 48 64 84 41 59 57 76 91 12 35 9 64 35 92 29 13 54 51 86 32 82 75 72 78 81 56 55 72 46 76 65 81 63 96 29 14 27 74 96 14 32 62 96 84 59 41 38 3 55 6 62 61 48 45 24 99 15 51 45 92 98 83 36 48 9 80 23 40 34 5 50 86 17 70 1 44 75 81 81 26 17 29 8 70 62 23 99 82 38 31 18 18 16 53 80 29 4 63 49 40 37 26 85 89 22 57 73 4 32 79 72 8 48 94 87 91 16 5 19 99 37 44 1 88 60 43 4 9 17 12 46 1 97 78 41 71 86 63 17 23 81 83 81 49 33 16 37 63 1 87 20 83 89 98 52 79 37 49 1 3 82 76 10 83 38 51 34 60 89 49 50 54 97 85 17 90 63 35 42 80 67 86 52 35 50 
Mach_2 55 44 32 33 5 85 27 98 42 93 6 17 95 40 62 68 26 6 27 30 99 84 78 80 89 79 12 95 98 8 19 71 74 75 95 90 10 71 36 52 81 64 3 91 64 66 88 7 82 36 83 95 91 40 75 15 4 25 68 91 39 20 85 15 72 95 91 15 86 28 56 58 72 86 43 17 85 61 43 64 36 9 63 90 34 68 34 86 33 17 92 2 65 60 30 93 9 30 82 93 74 83 70 35 57 13 67 19 8 3 11 60 13 72 46 62 30 37 49 88 71 80 55 83 92 35 78 25 29 21 39 92 23 78 64 69 68 62 11 35 17 87 58 49 52 78 66 51 80 62 63 7 46 25 8 69 80 52 52 82 46 86 77 40 78 95 17 9 24 31 94 87 38 84 87 20 20 18 56 51 43 19 59 72 27 91 15 60 58 28 82 71 18 62 99 71 9 45 96 24 93 80 72 89 89 66 48 49 39 60 55 4 42 17 30 65 56 83 10 92 56 75 43 75 16 13 77 20 7 45 63 76 76 46 69 63 49 62 26 93 53 49 17 31 74 68 42 96 71 37 30 6 56 7 90 74 35 87 51 23 62 69 3 43 37 51 55 91 17 70 67 7 15 96 25 78 81 4 21 4 24 74 56 95 45 19 67 66 7 25 81 6 95 63 15 69 94 79 72 80 59 67 20 69 85 76 89 62 85 61 48 18 48 59 81 7 56 93 31 65 78 41 66 73 58 7 74 47 84 76 16 2 12 84 19 36 82 81 66 5 94 71 30 14 58 44 16 72 74 22 72 60 61 29 3 31 64 23 34 28 43 54 68 4 51 60 71 88 2 55 11 49 46 52 53 25 87 15 9 35 61 32 75 34 74 32 57 68 85 93 18 60 63 61 58 81 4 62 35 92 47 34 2 99 31 33 39 68 43 84 87 5 76 99 43 6 7 40 10 1 20 6 53 5 3 19 86 62 58 96 11 48 52 78 45 79 82 2 94 11 95 54 83 53 19 89 15 34 59 94 14 69 28 60 94 68 62 48 15 55 7 16 39 9 22 81 20 94 49 68 41 6 24 87 60 57 42 96 8 96 68 79 28 28 44 11 67 2 77 14 69 76 29 86 28 98 64 37 24 17 
Due_Dates 3225 6450 9674 12900

Problem_8
Mach_1 38 14 60 83 89 7 95 78 80 35 93 96 29 78 1 78 4 95 33 31 76 95 37 63 74 74 47 5 68 65 49 97 76 89 4 57 7 64 3 66 35 57 82 98 74 10 55 43 69 94 16 8 89 7 63 31 96 86 65 86 96 22 98 38 69 30 86 81 86 30 8 15 74 97 47 47 43 79 66 80 89 61 12 59 2 8 31 57 87 80 87 1 13 23 59 95 93 12 27 49 71 82 35 99 71 77 27 97 95 93 81 45 39 41 67 59 60 8 31 39 3 97 5 61 58 65 7 24 5 2 73 40 87 97 76 28 64 99 27 88 80 90 28 2 29 89 31 85 33 85 96 5 9 93 46 50 80 17 58 33 66 65 39 2 82 17 71 52 58 28 12 49 85 60 96 79 6 88 91 25 40 77 92 36 3 68 62 28 1 22 5 29 39 74 52 14 85 36 33 57 50 57 75 74 34 66 30 33 79 42 60 19 36 55 58 93 90 60 89 26 10 77 37 55 62 46 17 51 73 38 76 81 6 14 17 82 93 87 63 22 33 51 65 26 74 80 52 27 46 82 81 6 16 24 34 22 3 25 34 62 64 80 48 69 15 90 88 79 80 14 88 44 56 57 84 17 41 21 85 51 36 63 20 51 9 82 41 65 95 91 47 53 62 65 66 27 45 81 98 22 70 77 25 6 63 24 51 40 41 43 80 36 76 19 17 42 9 91 78 90 19 24 55 98 36 87 14 95 49 51 78 22 93 3 76 57 5 54 31 25 3 29 61 31 27 38 13 45 99 17 2 99 86 28 21 78 79 93 30 50 84 48 37 48 71 72 3 92 57 43 60 26 52 50 33 77 7 64 10 89 64 25 67 43 27 73 92 59 16 78 24 25 85 85 93 66 16 84 21 72 2 57 8 52 34 88 76 93 69 48 5 80 6 71 16 55 26 46 57 18 7 85 87 38 75 70 98 1 47 47 36 16 48 60 92 58 15 82 75 82 20 43 78 58 65 63 13 20 26 45 44 13 28 29 67 95 7 2 78 72 62 25 21 72 3 93 70 24 1 57 46 46 52 71 58 41 34 79 17 73 25 27 42 89 19 78 86 63 92 25 11 44 14 65 23 47 59 30 74 86 
Mach_2 89 44 88 63 44 26 23 47 45 61 40 58 12 14 70 98 99 66 92 65 88 78 15 73 73 38 15 21 57 53 95 59 51 87 34 91 77 31 80 53 71 63 81 20 50 23 26 20 45 52 46 26 13 13 4 11 50 47 38 86 29 97 84 69 83 94 72 32 17 2 95 88 43 87 33 33 16 76 61 87 47 56 85 23 5 54 91 10 3 71 84 47 50 18 56 66 69 14 46 14 89 99 27 92 12 93 33 48 57 75 94 10 25 67 19 4 9 1 92 94 36 62 60 85 18 57 65 95 84 94 89 64 30 25 55 64 65 83 86 62 69 83 71 72 30 30 31 33 47 38 17 94 85 67 34 16 97 80 5 2 62 79 4 76 59 20 88 91 53 48 98 48 23 25 56 98 96 9 14 75 30 90 68 68 73 63 88 92 92 99 9 25 13 33 8 23 37 16 64 93 4 94 8 7 73 35 59 90 43 80 88 90 38 83 88 70 78 30 9 12 98 83 4 78 44 68 19 97 64 15 16 45 71 71 48 94 24 54 59 25 14 75 1 20 62 58 9 87 14 77 97 63 22 65 96 53 32 53 70 88 2 82 96 36 62 96 71 8 24 97 26 55 22 54 23 87 22 40 17 32 67 62 42 17 59 29 41 11 15 58 71 67 34 16 51 52 43 37 70 84 41 40 99 88 39 23 47 18 87 17 21 45 92 23 77 82 76 79 29 72 52 34 20 96 60 65 85 53 38 71 78 81 27 7 22 47 52 5 86 63 89 4 69 51 50 20 73 27 54 71 33 22 9 39 16 82 87 2 27 87 41 79 71 31 37 78 52 81 84 49 17 16 59 12 57 44 38 55 1 96 39 66 86 53 26 37 29 93 75 99 6 72 95 82 17 3 59 25 75 95 21 80 51 34 28 10 63 59 55 52 77 73 58 56 88 24 64 22 22 47 8 71 23 58 68 22 68 95 2 94 30 10 56 87 77 49 21 30 48 17 32 19 38 95 39 49 14 94 40 67 83 67 4 20 85 15 23 2 56 49 23 34 65 82 42 14 36 86 53 26 85 48 41 29 11 76 23 3 62 65 84 54 62 34 84 35 73 12 26 56 12 77 51 2 46 27 87 56 41 47 
Due_Dates 3323 6646 9970 13293

Problem_9
Mach_1 12 38 75 53 45 39 8 4 84 69 78 7 34 71 36 72 25 26 65 62 42 79 20 55 60 85 4 8 34 99 6 79 79 98 32 56 43 14 56 27 4 22 11 77 68 48 68 58 67 87 17 70 78 25 88 12 54 87 75 86 18 36 84 39 72 89 3 28 75 93 53 89 1 91 38 15 43 43 66 98 64 97 84 28 50 29 92 92 88 77 71 40 65 67 48 14 69 78 98 75 43 28 91 24 60 37 89 70 59 43 79 39 91 82 99 88 87 18 39 52 53 61 74 77 15 48 57 15 41 88 89 56 29 26 23 19 83 48 12 62 39 36 24 38 74 58 5 28 51 95 57 67 69 2 11 64 3 48 20 76 38 37 10 77 97 45 16 15 70 38 79 80 16 75 32 25 73 9 73 48 9 28 21 57 21 18 31 15 45 96 47 36 42 67 59 14 48 26 54 44 95 48 63 10 99 20 81 56 49 73 16 24 98 44 55 9 84 24 88 44 23 64 84 3 71 50 20 54 39 20 80 1 20 95 75 33 42 85 37 64 98 41 96 81 22 15 40 64 19 49 41 17 75 97 6 37 6 63 76 41 2 65 31 88 53 36 25 93 89 43 59 57 96 44 64 64 18 39 2 18 23 64 19 88 28 21 30 41 83 85 35 90 41 78 92 43 4 2 66 83 14 45 43 66 23 21 10 31 26 16 39 44 56 23 86 7 68 66 70 88 94 18 62 19 87 26 23 85 95 4 22 34 21 93 47 44 40 49 23 15 52 90 9 22 80 4 95 32 28 19 83 30 59 27 11 30 14 49 12 85 51 58 95 13 54 86 24 28 15 43 39 54 18 45 83 58 36 32 85 13 89 55 14 81 50 19 54 28 45 67 86 42 25 73 13 44 73 27 33 74 39 64 98 45 49 62 46 94 39 41 57 55 43 57 92 50 75 51 11 44 35 95 93 32 38 8 36 17 72 81 20 39 82 32 50 97 96 95 80 76 52 84 49 26 43 99 92 81 19 25 81 84 50 38 48 94 58 67 83 40 5 41 10 84 43 51 41 57 68 53 99 31 92 35 90 47 32 66 39 38 72 42 51 6 50 87 1 87 80 11 23 71 50 82 30 19 14 44 51 52 
Mach_2 98 71 84 46 35 78 42 13 41 66 56 7 46 63 27 75 53 25 35 8 24 85 69 51 87 38 28 2 90 23 38 98 16 34 52 10 95 12 45 17 62 47 39 59 13 7 62 53 97 34 59 47 78 48 42 8 91 60 55 51 26 84 57 2 74 35 53 23 27 55 57 68 32 13 63 18 51 63 48 35 49 72 11 73 79 33 91 19 91 82 21 40 97 85 75 92 41 31 90 53 60 68 84 13 91 25 62 56 83 54 89 16 94 53 42 80 64 44 43 35 34 82 69 52 59 10 18 98 6 39 33 65 80 30 42 83 46 78 81 96 79 35 73 26 36 77 39 49 26 90 76 54 57 91 89 30 97 88 73 98 78 53 42 36 6 43 86 71 44 93 55 11 80 73 49 38 33 99 89 48 88 13 42 82 72 9 34 93 49 21 43 38 66 15 96 51 44 15 63 14 16 40 26 75 23 40 46 7 90 46 3 19 56 1 14 42 77 57 29 45 93 78 69 7 35 71 33 55 14 55 62 31 92 78 36 1 63 1 41 98 77 27 65 67 11 33 68 4 66 14 97 29 63 74 28 11 75 44 51 14 49 41 45 64 23 68 63 41 26 7 42 3 88 20 57 26 67 11 75 55 78 52 19 21 4 37 40 79 20 42 34 87 78 24 3 76 18 71 63 36 72 2 7 82 35 83 7 20 4 66 41 26 10 54 52 1 14 97 78 19 81 22 18 71 54 80 2 71 33 41 48 72 95 12 17 71 79 24 11 66 82 34 31 50 54 79 97 37 96 26 39 71 23 34 34 39 55 49 86 55 61 91 41 39 48 62 32 51 52 71 32 85 70 2 82 32 26 28 29 31 49 88 76 35 90 87 9 95 94 96 78 64 54 2 55 77 35 83 23 28 80 50 51 17 42 54 55 85 2 70 65 74 58 88 30 83 71 76 15 79 96 26 17 21 86 40 27 37 28 93 1 48 19 90 62 83 21 96 56 6 46 10 21 55 78 86 68 36 87 60 84 92 74 54 6 44 80 12 57 85 11 13 31 58 93 73 76 78 91 10 4 29 52 99 69 91 2 54 43 90 90 94 1 92 77 86 35 10 74 4 86 72 26 36 90 48 67 7 62 1 
Due_Dates 3058 6117 9175 12234

Problem_10
Mach_1 69 51 9 16 14 53 22 81 50 46 54 7 30 55 83 29 51 84 24 43 68 96 86 92 70 52 45 6 84 76 26 35 50 87 55 55 87 72 63 43 37 77 5 26 68 58 69 79 49 40 9 30 86 9 41 12 59 75 32 33 77 45 99 61 42 69 27 19 22 3 61 35 76 61 41 49 37 95 15 29 59 64 47 5 20 53 59 32 77 87 49 27 57 90 14 30 93 63 81 82 78 95 68 88 88 39 93 47 65 94 1 40 28 5 24 71 93 90 13 8 8 90 97 94 95 59 36 74 63 6 42 96 47 15 12 36 12 12 77 28 58 11 30 60 38 37 72 77 3 20 53 27 77 72 56 60 6 65 11 8 93 9 78 82 70 76 99 51 77 48 93 55 89 92 54 76 19 74 80 91 39 26 11 61 85 52 20 65 28 55 12 54 50 92 38 35 29 40 62 15 21 88 69 17 33 22 17 80 93 44 17 64 11 8 23 94 78 93 50 74 86 85 74 28 4 10 37 95 57 14 80 84 45 73 97 68 68 81 73 16 8 29 72 34 14 44 81 26 38 34 34 86 37 93 81 47 74 18 9 57 50 46 16 69 73 4 88 65 35 70 60 45 1 13 98 38 55 83 20 97 44 86 8 98 85 16 16 11 84 84 18 58 33 19 77 53 33 63 40 84 76 66 22 83 53 6 45 38 13 92 44 17 22 55 5 55 34 66 71 74 11 67 93 80 3 3 2 40 33 58 53 10 31 58 50 68 88 81 18 96 41 65 42 42 39 21 77 20 41 83 31 60 59 26 34 95 14 64 89 72 93 97 49 30 63 37 53 58 68 44 88 65 48 24 39 26 70 70 10 73 69 41 41 15 50 8 86 15 82 56 38 53 92 35 24 27 54 10 83 22 63 89 65 33 86 9 5 88 97 92 99 11 90 73 36 44 22 97 95 70 22 50 66 22 25 4 90 77 39 99 5 84 70 62 11 18 27 73 19 48 3 53 67 69 33 13 33 65 53 11 32 6 17 28 41 74 45 22 9 37 20 32 48 12 15 12 79 94 13 17 69 97 78 20 49 12 45 96 5 1 98 14 71 83 36 35 6 11 5 66 88 22 29 54 20 92 79 34 40 4 
Mach_2 80 90 49 59 24 25 17 63 10 13 70 43 46 65 60 3 29 31 61 85 94 67 55 28 65 93 41 16 81 42 59 71 87 69 80 10 80 15 57 9 86 22 70 15 32 7 30 92 77 1 26 39 80 58 88 19 71 29 42 96 17 84 6 48 18 46 72 54 81 97 36 24 55 70 28 47 86 11 14 87 27 51 64 41 33 45 54 64 18 58 41 53 7 88 42 24 79 94 50 87 58 90 68 15 80 96 1 15 6 84 42 21 81 56 5 27 80 33 90 13 61 87 27 80 53 96 9 78 1 29 60 61 79 18 48 29 22 29 28 26 19 95 69 87 91 4 34 47 91 25 82 23 72 60 9 85 92 73 98 42 77 97 87 74 23 68 40 32 50 5 29 23 19 15 51 83 57 15 70 88 36 28 25 12 64 33 20 13 18 66 51 83 78 48 56 2 92 46 1 14 4 56 63 26 85 69 96 72 84 3 46 69 81 70 16 96 11 56 1 34 14 65 16 24 8 30 92 31 92 54 90 34 44 60 3 75 33 34 2 84 20 52 70 74 9 8 13 19 31 24 49 34 60 15 28 33 9 90 31 99 69 51 83 70 67 6 79 56 3 16 62 63 17 38 15 30 18 23 24 41 79 59 43 49 55 22 29 33 91 86 81 2 76 40 35 95 42 90 48 78 20 46 75 28 40 77 73 63 13 26 90 4 5 29 26 35 26 58 11 58 55 13 45 36 47 17 81 81 65 36 82 84 93 5 58 41 6 75 32 25 48 51 58 55 10 13 58 99 93 93 16 65 85 83 75 34 33 33 23 39 98 13 43 18 27 59 89 27 58 70 72 20 26 41 8 27 4 11 83 12 37 49 74 98 89 67 16 36 44 17 37 48 23 43 82 93 27 8 39 88 99 97 5 38 26 7 59 70 34 38 74 41 24 74 99 27 39 64 98 21 26 75 10 12 93 98 92 22 99 51 38 80 81 4 47 53 41 12 7 85 63 33 4 35 51 33 15 96 94 89 61 20 10 8 51 11 90 96 58 61 23 95 70 65 46 30 5 21 69 4 40 20 56 97 26 98 74 86 30 74 7 38 86 2 57 58 18 37 28 95 79 94 6 74 14 63 60 43 82 71 
Due_Dates 3094 6189 9283 12378
